0: 3, 4.1, 6
1: 3, 4.3, 7
2: 3, 4.5, 7
3: 2, 4.7, 7
4: 2, 4.5, 7
5: 3, 4.9, 6
6: 4, 5.2, 6
7: 4, 5.3, 6
8: 4, 5.7, 7
9: 5, 5.7, 6
10: 5, 6, 7
11: 6, 6.3, 7
12: 5, 6.6, 8
13: 6, 7, 8
14: 6, 7.1, 8
15: 5, 7.1, 8
16: 5, 7.3, 8
17: 6, 7.4, 8
18: 6, 7.3, 8
19: 7, 7.3, 8
0: 36, 50.56, 62
1: 42, 50.76, 58
2: 40, 52.22, 61
3: 43, 51.88, 62
4: 43, 53.14, 63
5: 45, 54, 65
6: 42, 54.7, 67
7: 45, 54.4, 63
8: 49, 54.34, 62
9: 49, 55.36, 62
10: 49, 55.88, 64
11: 49, 56.52, 64
12: 50, 56.82, 66
13: 50, 57.44, 66
14: 50, 57.68, 67
15: 49, 57.62, 66
16: 51, 57.98, 64
17: 51, 58.22, 67
18: 47, 57.96, 68
19: 47, 58.08, 65
20: 51, 58.7, 65
21: 51, 59.18, 65
22: 51, 58.36, 66
23: 50, 58.3, 66
24: 51, 57.58, 65
25: 50, 57.46, 66
26: 49, 57.8, 66
27: 49, 58.24, 65
28: 48, 57.94, 67
29: 52, 58.38, 65
30: 51, 58.12, 63
31: 50, 58.64, 67
32: 51, 59.18, 67
33: 50, 59.64, 67
34: 50, 60.28, 69
35: 54, 60.84, 66
36: 49, 60.5, 67
37: 53, 60.02, 67
38: 52, 59.32, 66
39: 53, 59.34, 66
40: 52, 59.7, 65
41: 53, 60.64, 65
42: 54, 60.92, 65
43: 55, 60.98, 69
44: 54, 61.06, 70
45: 54, 61.52, 68
46: 54, 61.84, 70
47: 53, 61.6, 68
48: 54, 61.98, 68
49: 54, 61.86, 68
50: 55, 61.36, 66
51: 55, 61.54, 67
52: 57, 62.02, 69
53: 57, 62.44, 68
54: 56, 62.34, 68
55: 54, 62.38, 68
56: 54, 62.1, 68
57: 57, 62.34, 70
58: 55, 62.66, 70
59: 55, 62.48, 68
60: 57, 62.88, 68
61: 57, 62.96, 68
62: 58, 63.68, 68
63: 58, 63.22, 68
64: 57, 63.44, 71
65: 57, 63.84, 71
66: 56, 64.46, 70
67: 61, 65.1, 70
68: 59, 65.06, 70
69: 59, 64.6, 68
70: 58, 64.2, 68
71: 59, 64, 69
72: 58, 63.54, 70
73: 58, 63.16, 69
74: 57, 62.54, 69
75: 58, 62.18, 69
76: 58, 62.42, 69
77: 58, 63.02, 69
78: 58, 63.08, 69
79: 56, 63.22, 68
80: 58, 62.92, 68
81: 57, 63.36, 68
82: 56, 63.58, 68
83: 57, 63.34, 68
84: 56, 62.88, 69
85: 55, 63, 68
86: 57, 63.48, 69
87: 57, 63.8, 70
88: 56, 63.6, 70
89: 60, 64.06, 70
90: 60, 63.98, 70
91: 60, 63.78, 70
92: 59, 62.8, 69
93: 59, 62.24, 70
94: 58, 61.96, 70
95: 58, 61.94, 67
96: 58, 62.48, 67
97: 58, 62.72, 68
98: 59, 62.68, 68
99: 57, 62.12, 67
100: 58, 62.14, 68
101: 57, 62.24, 68
102: 57, 63.06, 70
103: 56, 63.5, 70
104: 59, 64, 70
105: 59, 64.24, 70
106: 59, 64.66, 70
107: 60, 64.88, 69
108: 59, 64.92, 73
109: 57, 64.76, 73
110: 57, 65, 73
111: 59, 65.22, 72
112: 58, 64.62, 71
113: 58, 64.24, 70
114: 60, 64.12, 71
115: 59, 64.16, 69
116: 59, 64.9, 69
117: 60, 65.32, 70
118: 60, 65.1, 69
119: 58, 65.42, 69
120: 61, 65.64, 70
121: 61, 66.36, 70
122: 60, 66.38, 70
123: 59, 66.12, 70
124: 59, 65.88, 71
125: 57, 65.66, 71
126: 56, 64.82, 71
127: 57, 65.08, 72
128: 57, 64.66, 69
129: 60, 64.84, 70
130: 60, 64.64, 70
131: 59, 64.16, 70
132: 59, 64.68, 69
133: 59, 64.62, 69
134: 59, 65.2, 69
135: 59, 65.5, 70
136: 59, 65.24, 70
137: 59, 65.28, 70
138: 59, 65.08, 70
139: 60, 64.88, 70
140: 60, 64.68, 69
141: 59, 64.3, 68
142: 59, 64.38, 68
143: 58, 64.08, 69
144: 59, 63.98, 69
145: 57, 64.64, 70
146: 61, 64.86, 70
147: 61, 65.1, 70
148: 61, 64.72, 70
149: 59, 64.38, 70
150: 59, 64.18, 70
151: 59, 64.18, 70
152: 61, 64.6, 71
153: 59, 64.58, 71
154: 59, 65.06, 70
155: 62, 65.46, 71
156: 61, 65.5, 71
157: 60, 65.7, 69
158: 60, 65.46, 69
159: 62, 65.66, 69
160: 62, 65.66, 70
161: 61, 65.46, 69
162: 61, 65.84, 69
163: 60, 65.62, 69
164: 60, 65.34, 69
165: 60, 65.08, 69
166: 61, 64.8, 70
167: 61, 64.8, 67
168: 60, 64.58, 67
169: 60, 64.98, 68
170: 60, 65.08, 68
171: 60, 65.18, 68
172: 60, 64.94, 68
173: 61, 64.8, 68
174: 61, 64.9, 68
175: 59, 64.72, 68
176: 61, 65.02, 68
177: 60, 64.84, 68
178: 59, 64.7, 69
179: 59, 64.52, 69
180: 60, 64.56, 68
181: 61, 64.56, 68
182: 61, 64.5, 68
183: 60, 65.04, 68
184: 61, 65.12, 68
185: 60, 65.38, 68
186: 59, 65.24, 68
187: 59, 65.24, 68
188: 60, 64.76, 68
189: 59, 64.42, 68
190: 59, 64.14, 68
191: 59, 64.18, 68
192: 59, 64.04, 69
193: 59, 63.74, 69
194: 60, 63.92, 68
195: 60, 64.32, 68
196: 60, 64.4, 69
197: 60, 64.1, 68
198: 60, 63.98, 68
199: 60, 64.48, 69
0: 36, 50.47, 63
1: 39, 51.19, 62
2: 42, 52.09, 61
3: 43, 52.84, 62
4: 40, 52.82, 65
5: 42, 54.31, 69
6: 43, 55.28, 67
7: 46, 55.29, 66
8: 46, 55, 65
9: 47, 54.4, 66
10: 46, 55.16, 67
11: 47, 56.61, 67
12: 43, 56.85, 66
13: 47, 58.05, 67
14: 47, 58.01, 66
15: 47, 58.75, 66
16: 51, 58.93, 65
17: 51, 58.83, 67
18: 51, 59.46, 68
19: 52, 59.97, 68
20: 50, 59.84, 68
21: 51, 59.8, 67
22: 50, 59.65, 68
23: 52, 59.77, 69
24: 50, 59.97, 70
25: 52, 60, 70
26: 52, 60.21, 70
27: 52, 59.76, 70
28: 52, 59.82, 67
29: 53, 59.76, 68
30: 55, 60.05, 68
31: 54, 59.94, 68
32: 51, 59.96, 70
33: 51, 59.75, 70
34: 51, 59.57, 67
35: 51, 59.22, 66
36: 51, 59.56, 66
37: 52, 59.41, 66
38: 52, 59.86, 66
39: 52, 59.54, 68
40: 52, 59.58, 70
41: 52, 59.26, 67
42: 51, 59, 67
43: 51, 59.39, 71
44: 48, 59.6, 71
45: 49, 59.39, 68
46: 53, 60.09, 68
47: 54, 59.84, 69
48: 53, 60.66, 67
49: 55, 61.06, 69
50: 54, 61.51, 69
51: 54, 61.42, 69
52: 54, 61.29, 69
53: 54, 61.69, 69
54: 56, 61.62, 69
55: 56, 62.32, 71
56: 55, 62.43, 69
57: 53, 61.84, 68
58: 52, 61.87, 67
59: 53, 62.2, 68
60: 53, 62.52, 68
61: 53, 63.03, 69
62: 55, 63.36, 68
63: 57, 63.5, 69
64: 58, 63.7, 69
65: 58, 63.76, 69
66: 59, 64.19, 71
67: 56, 63.94, 70
68: 57, 63.64, 69
69: 54, 63.5, 69
70: 56, 63.58, 69
71: 55, 63.51, 69
72: 58, 63.66, 70
73: 56, 63.51, 70
74: 55, 63.85, 71
75: 56, 64, 71
76: 54, 64.5, 72
77: 53, 64.59, 71
78: 57, 65.11, 72
79: 56, 65, 71
80: 54, 65.44, 72
81: 56, 65.82, 74
82: 58, 66.24, 74
83: 61, 66.82, 74
84: 59, 67.19, 74
85: 58, 67.12, 75
86: 58, 67, 75
87: 59, 66.98, 75
88: 59, 67.01, 73
89: 59, 67.08, 73
90: 59, 66.97, 74
91: 59, 67.22, 72
92: 61, 67.25, 72
93: 62, 67.9, 73
94: 62, 67.81, 73
95: 60, 68.14, 73
96: 62, 68.34, 74
97: 63, 68.17, 74
98: 63, 68.24, 73
99: 63, 68.38, 74
100: 63, 68.72, 74
101: 62, 69.12, 74
102: 62, 69.17, 74
103: 62, 69.04, 75
104: 62, 69.37, 75
105: 62, 69.27, 74
106: 63, 69.48, 75
107: 63, 69.58, 75
108: 62, 69.15, 75
109: 63, 69.46, 75
110: 64, 69.15, 75
111: 61, 69.48, 74
112: 61, 69.59, 74
113: 63, 69.77, 76
114: 62, 69.69, 76
115: 62, 69.89, 76
116: 62, 69.88, 76
117: 63, 69.59, 77
118: 63, 69.95, 77
119: 62, 69.54, 77
120: 63, 69.47, 74
121: 64, 69.29, 76
122: 65, 69.14, 76
123: 64, 69.35, 74
124: 63, 69.58, 76
125: 63, 69.58, 75
126: 64, 69.66, 75
127: 64, 69.81, 75
128: 63, 70.04, 75
129: 64, 70.41, 76
130: 65, 70.74, 76
131: 66, 70.8, 75
132: 65, 70.59, 75
133: 65, 70.86, 76
134: 64, 70.81, 75
135: 64, 70.92, 77
136: 64, 71.19, 76
137: 66, 71.28, 77
138: 67, 71.31, 77
139: 67, 71.24, 78
140: 66, 70.96, 76
141: 67, 71.35, 76
142: 67, 71.03, 76
143: 67, 71.12, 77
144: 65, 71.21, 78
145: 65, 71.19, 78
146: 65, 71.23, 75
147: 63, 71.22, 76
148: 63, 70.93, 76
149: 64, 71.37, 76
150: 64, 71.23, 76
151: 62, 71.36, 77
152: 62, 70.86, 77
153: 64, 71.03, 77
154: 65, 71.36, 78
155: 66, 71.69, 77
156: 66, 71.87, 77
157: 65, 71.79, 77
158: 65, 71.26, 77
159: 66, 71.49, 77
160: 65, 71.13, 77
161: 64, 71.34, 76
162: 66, 71.55, 76
163: 66, 71.77, 76
164: 66, 71.78, 76
165: 64, 71.77, 76
166: 66, 71.82, 77
167: 66, 71.91, 77
168: 66, 71.44, 76
169: 66, 71.54, 76
170: 66, 71.57, 77
171: 65, 71.44, 77
172: 65, 71.82, 79
173: 65, 71.96, 79
174: 65, 71.35, 79
175: 65, 71.35, 76
176: 65, 71.31, 76
177: 66, 71.54, 76
178: 66, 71.62, 76
179: 68, 71.95, 76
180: 68, 71.97, 77
181: 67, 71.82, 76
182: 68, 71.78, 75
183: 67, 72.01, 76
184: 68, 72.02, 76
185: 68, 71.87, 77
186: 68, 72, 76
187: 68, 72.02, 76
188: 65, 72.24, 76
189: 68, 72.44, 76
190: 68, 72.32, 76
191: 67, 72.23, 77
192: 66, 72.44, 78
193: 66, 72.32, 78
194: 66, 72.26, 77
195: 66, 72.07, 77
196: 66, 72.03, 78
197: 65, 71.75, 78
198: 67, 71.84, 79
199: 66, 71.62, 79
0: 36, 50.47, 63
1: 39, 51.19, 62
2: 42, 52.09, 61
3: 43, 52.84, 62
4: 40, 52.82, 65
5: 42, 54.31, 69
6: 43, 55.28, 67
7: 46, 55.29, 66
8: 46, 55, 65
9: 47, 54.4, 66
10: 46, 55.16, 67
11: 47, 56.61, 67
12: 43, 56.85, 66
13: 47, 58.05, 67
14: 47, 58.01, 66
15: 47, 58.75, 66
16: 51, 58.93, 65
17: 51, 58.83, 67
18: 51, 59.46, 68
19: 52, 59.97, 68
20: 50, 59.84, 68
21: 51, 59.8, 67
22: 50, 59.65, 68
23: 52, 59.77, 69
24: 50, 59.97, 70
25: 52, 60, 70
26: 52, 60.21, 70
27: 52, 59.76, 70
28: 52, 59.82, 67
29: 53, 59.76, 68
30: 55, 60.05, 68
31: 54, 59.94, 68
32: 51, 59.96, 70
33: 51, 59.75, 70
34: 51, 59.57, 67
35: 51, 59.22, 66
36: 51, 59.56, 66
37: 52, 59.41, 66
38: 52, 59.86, 66
39: 52, 59.54, 68
40: 52, 59.58, 70
41: 52, 59.26, 67
42: 51, 59, 67
43: 51, 59.39, 71
44: 48, 59.6, 71
45: 49, 59.39, 68
46: 53, 60.09, 68
47: 54, 59.84, 69
48: 53, 60.66, 67
49: 55, 61.06, 69
50: 54, 61.51, 69
51: 54, 61.42, 69
52: 54, 61.29, 69
53: 54, 61.69, 69
54: 56, 61.62, 69
55: 56, 62.32, 71
56: 55, 62.43, 69
57: 53, 61.84, 68
58: 52, 61.87, 67
59: 53, 62.2, 68
60: 53, 62.52, 68
61: 53, 63.03, 69
62: 55, 63.36, 68
63: 57, 63.5, 69
64: 58, 63.7, 69
65: 58, 63.76, 69
66: 59, 64.19, 71
67: 56, 63.94, 70
68: 57, 63.64, 69
69: 54, 63.5, 69
70: 56, 63.58, 69
71: 55, 63.51, 69
72: 58, 63.66, 70
73: 56, 63.51, 70
74: 55, 63.85, 71
75: 56, 64, 71
76: 54, 64.5, 72
77: 53, 64.59, 71
78: 57, 65.11, 72
79: 56, 65, 71
80: 54, 65.44, 72
81: 56, 65.82, 74
82: 58, 66.24, 74
83: 61, 66.82, 74
84: 59, 67.19, 74
85: 58, 67.12, 75
86: 58, 67, 75
87: 59, 66.98, 75
88: 59, 67.01, 73
89: 59, 67.08, 73
90: 59, 66.97, 74
91: 59, 67.22, 72
92: 61, 67.25, 72
93: 62, 67.9, 73
94: 62, 67.81, 73
95: 60, 68.14, 73
96: 62, 68.34, 74
97: 63, 68.17, 74
98: 63, 68.24, 73
99: 63, 68.38, 74
100: 63, 68.72, 74
101: 62, 69.12, 74
102: 62, 69.17, 74
103: 62, 69.04, 75
104: 62, 69.37, 75
105: 62, 69.27, 74
106: 63, 69.48, 75
107: 63, 69.58, 75
108: 62, 69.15, 75
109: 63, 69.46, 75
110: 64, 69.15, 75
111: 61, 69.48, 74
112: 61, 69.59, 74
113: 63, 69.77, 76
114: 62, 69.69, 76
115: 62, 69.89, 76
116: 62, 69.88, 76
117: 63, 69.59, 77
118: 63, 69.95, 77
119: 62, 69.54, 77
120: 63, 69.47, 74
121: 64, 69.29, 76
122: 65, 69.14, 76
123: 64, 69.35, 74
124: 63, 69.58, 76
125: 63, 69.58, 75
126: 64, 69.66, 75
127: 64, 69.81, 75
128: 63, 70.04, 75
129: 64, 70.41, 76
130: 65, 70.74, 76
131: 66, 70.8, 75
132: 65, 70.59, 75
133: 65, 70.86, 76
134: 64, 70.81, 75
135: 64, 70.92, 77
136: 64, 71.19, 76
137: 66, 71.28, 77
138: 67, 71.31, 77
139: 67, 71.24, 78
140: 66, 70.96, 76
141: 67, 71.35, 76
142: 67, 71.03, 76
143: 67, 71.12, 77
144: 65, 71.21, 78
145: 65, 71.19, 78
146: 65, 71.23, 75
147: 63, 71.22, 76
148: 63, 70.93, 76
149: 64, 71.37, 76
150: 64, 71.23, 76
151: 62, 71.36, 77
152: 62, 70.86, 77
153: 64, 71.03, 77
154: 65, 71.36, 78
155: 66, 71.69, 77
156: 66, 71.87, 77
157: 65, 71.79, 77
158: 65, 71.26, 77
159: 66, 71.49, 77
160: 65, 71.13, 77
161: 64, 71.34, 76
162: 66, 71.55, 76
163: 66, 71.77, 76
164: 66, 71.78, 76
165: 64, 71.77, 76
166: 66, 71.82, 77
167: 66, 71.91, 77
168: 66, 71.44, 76
169: 66, 71.54, 76
170: 66, 71.57, 77
171: 65, 71.44, 77
172: 65, 71.82, 79
173: 65, 71.96, 79
174: 65, 71.35, 79
175: 65, 71.35, 76
176: 65, 71.31, 76
177: 66, 71.54, 76
178: 66, 71.62, 76
179: 68, 71.95, 76
180: 68, 71.97, 77
181: 67, 71.82, 76
182: 68, 71.78, 75
183: 67, 72.01, 76
184: 68, 72.02, 76
185: 68, 71.87, 77
186: 68, 72, 76
187: 68, 72.02, 76
188: 65, 72.24, 76
189: 68, 72.44, 76
190: 68, 72.32, 76
191: 67, 72.23, 77
192: 66, 72.44, 78
193: 66, 72.32, 78
194: 66, 72.26, 77
195: 66, 72.07, 77
196: 66, 72.03, 78
197: 65, 71.75, 78
198: 67, 71.84, 79
199: 66, 71.62, 79
200: 66, 71.46, 79
201: 66, 72.05, 79
202: 65, 71.93, 79
203: 65, 72.37, 79
204: 66, 72.66, 78
205: 69, 73.13, 79
206: 67, 72.95, 82
207: 67, 73.2, 82
208: 67, 73.07, 80
209: 65, 72.93, 79
210: 65, 73.29, 79
211: 65, 73.08, 78
212: 64, 73.43, 79
213: 66, 73.51, 80
214: 66, 73.3, 80
215: 66, 73.1, 79
216: 66, 73.32, 78
217: 66, 72.95, 78
218: 66, 72.78, 77
219: 66, 72.67, 77
220: 66, 72.94, 78
221: 68, 72.99, 78
222: 68, 73.06, 78
223: 68, 73.13, 78
224: 67, 72.85, 78
225: 66, 72.47, 78
226: 67, 72.7, 78
227: 68, 72.91, 77
228: 68, 72.87, 78
229: 68, 72.83, 78
230: 67, 73.08, 79
231: 68, 73.17, 79
232: 68, 73.15, 79
233: 67, 72.97, 79
234: 66, 73.35, 79
235: 67, 73.39, 79
236: 67, 73.86, 80
237: 69, 74.12, 79
238: 70, 74.38, 79
239: 69, 74.67, 80
240: 70, 75.19, 81
241: 70, 75.39, 81
242: 70, 75.22, 81
243: 70, 74.99, 81
244: 69, 75.06, 81
245: 69, 75.5, 82
246: 69, 74.99, 79
247: 70, 75.13, 80
248: 70, 75.13, 81
249: 70, 75.39, 84
250: 70, 75.49, 84
251: 71, 75.75, 84
252: 70, 76.12, 84
253: 68, 76.4, 84
254: 68, 76.46, 83
255: 68, 76.48, 85
256: 68, 76.52, 85
257: 68, 76.85, 84
258: 69, 77, 83
259: 70, 77.23, 84
260: 69, 77.47, 83
261: 70, 77.21, 83
262: 70, 77.18, 83
263: 69, 77.6, 83
264: 71, 77.47, 84
265: 71, 77.17, 83
266: 68, 77.35, 84
267: 71, 77.69, 83
268: 72, 77.22, 82
269: 72, 77.09, 82
270: 72, 76.92, 82
271: 71, 76.62, 82
272: 72, 76.94, 83
273: 72, 76.98, 81
274: 72, 76.89, 81
275: 72, 76.78, 81
276: 72, 76.65, 82
277: 72, 76.74, 81
278: 72, 76.92, 81
279: 72, 77.29, 84
280: 73, 77.45, 81
281: 73, 77.26, 81
282: 71, 77.12, 84
283: 71, 76.83, 84
284: 71, 76.49, 84
285: 71, 76.68, 84
286: 71, 76.77, 84
287: 72, 77.27, 84
288: 72, 77.27, 84
289: 72, 77.21, 84
290: 71, 77.23, 83
291: 71, 77.46, 83
292: 71, 77.46, 83
293: 70, 77.59, 84
294: 72, 77.35, 83
295: 71, 76.91, 82
296: 69, 76.73, 83
297: 69, 76.77, 82
298: 69, 76.62, 82
299: 71, 76.53, 83
300: 70, 76.42, 82
301: 70, 76.67, 82
302: 69, 76.62, 83
303: 69, 76.39, 81
304: 70, 76.17, 82
305: 70, 76.53, 83
306: 71, 76.58, 84
307: 70, 76.56, 83
308: 70, 76.23, 83
309: 72, 76.79, 83
310: 71, 76.97, 83
311: 70, 77.19, 85
312: 71, 77.25, 84
313: 72, 77.32, 82
314: 72, 77.68, 83
315: 70, 77.16, 83
316: 72, 77.39, 82
317: 71, 77.51, 82
318: 71, 77.3, 82
319: 71, 77.46, 82
320: 70, 77.53, 83
321: 71, 77.35, 82
322: 73, 77.47, 83
323: 71, 77.52, 83
324: 70, 77, 85
325: 70, 77.28, 85
326: 70, 77.56, 85
327: 71, 77.4, 85
328: 72, 77.4, 83
329: 69, 77, 81
330: 71, 77.18, 83
331: 72, 77.41, 82
332: 70, 77.22, 82
333: 70, 77.08, 83
334: 69, 77.2, 83
335: 70, 77.03, 82
336: 72, 77.27, 83
337: 71, 77.57, 84
338: 70, 77.64, 82
339: 70, 77.6, 83
340: 70, 77.92, 83
341: 72, 78.13, 85
342: 71, 78.28, 84
343: 71, 78.67, 84
344: 73, 79.04, 84
345: 73, 79.18, 86
346: 75, 79.52, 86
347: 73, 79.81, 86
348: 75, 79.79, 86
349: 74, 79.89, 86
350: 74, 79.48, 85
351: 74, 79.39, 86
352: 73, 79.36, 86
353: 73, 79.23, 86
354: 74, 79.38, 86
355: 73, 79.3, 86
356: 73, 79.38, 86
357: 74, 79.07, 85
358: 72, 78.91, 86
359: 72, 79.64, 86
360: 72, 79.77, 86
361: 72, 79.94, 85
362: 73, 79.47, 85
363: 74, 79.72, 85
364: 73, 79.24, 85
365: 73, 79.42, 85
366: 73, 79.25, 85
367: 74, 79.36, 85
368: 72, 79.76, 85
369: 71, 79.52, 85
370: 69, 79.79, 85
371: 70, 79.9, 85
372: 70, 79.87, 86
373: 68, 80.09, 85
374: 67, 80.12, 86
375: 68, 80.23, 86
376: 74, 80.28, 86
377: 71, 80.21, 86
378: 71, 80.04, 86
379: 71, 80.39, 86
380: 74, 80.57, 86
381: 75, 80.79, 86
382: 75, 81.23, 86
383: 75, 81.39, 86
384: 75, 81.46, 85
385: 74, 81.48, 87
386: 74, 81.71, 86
387: 74, 81.72, 86
388: 72, 81.93, 86
389: 74, 81.63, 87
390: 75, 81.73, 87
391: 74, 82.04, 89
392: 77, 82.36, 88
393: 77, 82.47, 88
394: 77, 82.53, 88
395: 76, 82.86, 88
396: 78, 82.78, 89
397: 77, 82.92, 89
398: 78, 82.86, 88
399: 77, 83.24, 88
0: 36, 50.56, 62
1: 42, 50.76, 58
2: 40, 52.22, 61
3: 43, 51.88, 62
4: 43, 53.14, 63
5: 45, 54, 65
6: 42, 54.7, 67
7: 45, 54.4, 63
8: 49, 54.34, 62
9: 49, 55.36, 62
10: 49, 55.88, 64
11: 49, 56.52, 64
12: 50, 56.82, 66
13: 50, 57.44, 66
14: 50, 57.68, 67
15: 49, 57.62, 66
16: 51, 57.98, 64
17: 51, 58.22, 67
18: 47, 57.96, 68
19: 47, 58.08, 65
20: 51, 58.7, 65
21: 51, 59.18, 65
22: 51, 58.36, 66
23: 50, 58.3, 66
24: 51, 57.58, 65
25: 50, 57.46, 66
26: 49, 57.8, 66
27: 49, 58.24, 65
28: 48, 57.94, 67
29: 52, 58.38, 65
30: 51, 58.12, 63
31: 50, 58.64, 67
32: 51, 59.18, 67
33: 50, 59.64, 67
34: 50, 60.28, 69
35: 54, 60.84, 66
36: 49, 60.5, 67
37: 53, 60.02, 67
38: 52, 59.32, 66
39: 53, 59.34, 66
40: 52, 59.7, 65
41: 53, 60.64, 65
42: 54, 60.92, 65
43: 55, 60.98, 69
44: 54, 61.06, 70
45: 54, 61.52, 68
46: 54, 61.84, 70
47: 53, 61.6, 68
48: 54, 61.98, 68
49: 54, 61.86, 68
50: 55, 61.36, 66
51: 55, 61.54, 67
52: 57, 62.02, 69
53: 57, 62.44, 68
54: 56, 62.34, 68
55: 54, 62.38, 68
56: 54, 62.1, 68
57: 57, 62.34, 70
58: 55, 62.66, 70
59: 55, 62.48, 68
60: 57, 62.88, 68
61: 57, 62.96, 68
62: 58, 63.68, 68
63: 58, 63.22, 68
64: 57, 63.44, 71
65: 57, 63.84, 71
66: 56, 64.46, 70
67: 61, 65.1, 70
68: 59, 65.06, 70
69: 59, 64.6, 68
70: 58, 64.2, 68
71: 59, 64, 69
72: 58, 63.54, 70
73: 58, 63.16, 69
74: 57, 62.54, 69
75: 58, 62.18, 69
76: 58, 62.42, 69
77: 58, 63.02, 69
78: 58, 63.08, 69
79: 56, 63.22, 68
80: 58, 62.92, 68
81: 57, 63.36, 68
82: 56, 63.58, 68
83: 57, 63.34, 68
84: 56, 62.88, 69
85: 55, 63, 68
86: 57, 63.48, 69
87: 57, 63.8, 70
88: 56, 63.6, 70
89: 60, 64.06, 70
90: 60, 63.98, 70
91: 60, 63.78, 70
92: 59, 62.8, 69
93: 59, 62.24, 70
94: 58, 61.96, 70
95: 58, 61.94, 67
96: 58, 62.48, 67
97: 58, 62.72, 68
98: 59, 62.68, 68
99: 57, 62.12, 67
100: 58, 62.14, 68
101: 57, 62.24, 68
102: 57, 63.06, 70
103: 56, 63.5, 70
104: 59, 64, 70
105: 59, 64.24, 70
106: 59, 64.66, 70
107: 60, 64.88, 69
108: 59, 64.92, 73
109: 57, 64.76, 73
110: 57, 65, 73
111: 59, 65.22, 72
112: 58, 64.62, 71
113: 58, 64.24, 70
114: 60, 64.12, 71
115: 59, 64.16, 69
116: 59, 64.9, 69
117: 60, 65.32, 70
118: 60, 65.1, 69
119: 58, 65.42, 69
120: 61, 65.64, 70
121: 61, 66.36, 70
122: 60, 66.38, 70
123: 59, 66.12, 70
124: 59, 65.88, 71
125: 57, 65.66, 71
126: 56, 64.82, 71
127: 57, 65.08, 72
128: 57, 64.66, 69
129: 60, 64.84, 70
130: 60, 64.64, 70
131: 59, 64.16, 70
132: 59, 64.68, 69
133: 59, 64.62, 69
134: 59, 65.2, 69
135: 59, 65.5, 70
136: 59, 65.24, 70
137: 59, 65.28, 70
138: 59, 65.08, 70
139: 60, 64.88, 70
140: 60, 64.68, 69
141: 59, 64.3, 68
142: 59, 64.38, 68
143: 58, 64.08, 69
144: 59, 63.98, 69
145: 57, 64.64, 70
146: 61, 64.86, 70
147: 61, 65.1, 70
148: 61, 64.72, 70
149: 59, 64.38, 70
150: 59, 64.18, 70
151: 59, 64.18, 70
152: 61, 64.6, 71
153: 59, 64.58, 71
154: 59, 65.06, 70
155: 62, 65.46, 71
156: 61, 65.5, 71
157: 60, 65.7, 69
158: 60, 65.46, 69
159: 62, 65.66, 69
160: 62, 65.66, 70
161: 61, 65.46, 69
162: 61, 65.84, 69
163: 60, 65.62, 69
164: 60, 65.34, 69
165: 60, 65.08, 69
166: 61, 64.8, 70
167: 61, 64.8, 67
168: 60, 64.58, 67
169: 60, 64.98, 68
170: 60, 65.08, 68
171: 60, 65.18, 68
172: 60, 64.94, 68
173: 61, 64.8, 68
174: 61, 64.9, 68
175: 59, 64.72, 68
176: 61, 65.02, 68
177: 60, 64.84, 68
178: 59, 64.7, 69
179: 59, 64.52, 69
180: 60, 64.56, 68
181: 61, 64.56, 68
182: 61, 64.5, 68
183: 60, 65.04, 68
184: 61, 65.12, 68
185: 60, 65.38, 68
186: 59, 65.24, 68
187: 59, 65.24, 68
188: 60, 64.76, 68
189: 59, 64.42, 68
190: 59, 64.14, 68
191: 59, 64.18, 68
192: 59, 64.04, 69
193: 59, 63.74, 69
194: 60, 63.92, 68
195: 60, 64.32, 68
196: 60, 64.4, 69
197: 60, 64.1, 68
198: 60, 63.98, 68
199: 60, 64.48, 69
200: 59, 64.22, 70
201: 61, 64.4, 70
202: 60, 63.92, 70
203: 58, 64.3, 70
204: 59, 64.48, 69
205: 59, 65.02, 70
206: 60, 64.96, 69
207: 59, 64.36, 69
208: 59, 64.28, 69
209: 60, 64.42, 69
210: 60, 64.68, 69
211: 60, 64.56, 69
212: 59, 64.38, 70
213: 56, 64.36, 70
214: 58, 64.96, 71
215: 60, 64.84, 70
216: 61, 65.08, 71
217: 62, 65.52, 71
218: 60, 66.06, 72
219: 60, 66.22, 72
220: 60, 66.16, 72
221: 59, 65.74, 72
222: 58, 65.5, 71
223: 61, 65.98, 71
224: 61, 65.9, 71
225: 61, 65.84, 71
226: 61, 65.16, 69
227: 61, 64.84, 70
228: 61, 65.04, 70
229: 60, 65.52, 70
230: 61, 66.02, 70
231: 60, 66.38, 70
232: 61, 66.34, 70
233: 61, 66.28, 70
234: 60, 66.22, 70
235: 62, 66.64, 70
236: 63, 67, 70
237: 62, 67.18, 72
238: 61, 67.36, 73
239: 61, 67.26, 74
240: 64, 67.66, 73
241: 64, 67.2, 73
242: 62, 67.32, 73
243: 62, 67.8, 72
244: 61, 67.48, 71
245: 61, 67.08, 72
246: 61, 67, 71
247: 60, 67.04, 71
248: 60, 66.48, 71
249: 61, 66.48, 71
250: 59, 66.34, 70
251: 60, 66.64, 71
252: 59, 66.62, 71
253: 59, 66.62, 72
254: 60, 66.48, 71
255: 61, 66.54, 71
256: 59, 66.5, 71
257: 61, 67.44, 71
258: 60, 67.56, 72
259: 60, 67.54, 71
260: 60, 67.9, 72
261: 60, 68.06, 72
262: 63, 68.16, 72
263: 63, 68.74, 72
264: 61, 69.08, 72
265: 63, 68.96, 73
266: 65, 69.14, 73
267: 64, 69.3, 73
268: 63, 68.86, 73
269: 64, 68.56, 72
270: 64, 68.68, 74
271: 64, 68.72, 73
272: 65, 69.06, 75
273: 64, 68.86, 75
274: 65, 69.42, 75
275: 64, 69.46, 75
276: 64, 68.76, 73
277: 64, 68.7, 72
278: 65, 69.06, 74
279: 65, 69.06, 74
280: 65, 69.44, 74
281: 64, 69.34, 74
282: 64, 69.28, 74
283: 64, 69.2, 74
284: 64, 69.22, 74
285: 64, 68.92, 73
286: 65, 69.08, 73
287: 64, 68.48, 72
288: 64, 68.6, 72
289: 64, 68.54, 72
290: 65, 68.62, 72
291: 65, 68.48, 73
292: 65, 68.28, 72
293: 64, 67.92, 73
294: 64, 67.6, 72
295: 63, 66.8, 70
296: 63, 66.84, 71
297: 63, 66.64, 71
298: 64, 66.78, 69
299: 64, 66.6, 70
300: 64, 66.44, 71
301: 63, 66.18, 69
302: 63, 66.36, 69
303: 62, 66.12, 69
304: 63, 66.06, 69
305: 61, 66.08, 69
306: 61, 65.74, 69
307: 62, 65.54, 70
308: 62, 66.12, 70
309: 64, 66.66, 71
310: 64, 66.64, 71
311: 64, 66.42, 71
312: 64, 66.42, 70
313: 62, 66.04, 71
314: 61, 66.16, 70
315: 62, 66.3, 70
316: 63, 66.24, 70
317: 62, 66.22, 70
318: 63, 66.46, 70
319: 63, 66.62, 70
320: 63, 66.5, 70
321: 64, 66.86, 71
322: 62, 67.36, 70
323: 64, 67.6, 70
324: 64, 67.74, 71
325: 64, 67.74, 70
326: 64, 67.64, 71
327: 63, 67.64, 71
328: 63, 67.52, 71
329: 64, 67.5, 71
330: 63, 67.14, 71
331: 63, 66.94, 70
332: 63, 66.78, 70
333: 64, 67.1, 70
334: 64, 66.68, 69
335: 64, 66.7, 69
336: 63, 66.6, 69
337: 63, 66.48, 69
338: 63, 66.8, 69
339: 64, 66.64, 70
340: 64, 66.5, 70
341: 63, 66.12, 70
342: 63, 65.84, 70
343: 62, 65.42, 70
344: 62, 65.2, 68
345: 62, 65.2, 69
346: 62, 65.3, 68
347: 63, 65.56, 69
348: 63, 65.4, 69
349: 60, 65.5, 69
350: 59, 65.58, 69
351: 60, 65.44, 69
352: 60, 65.24, 70
353: 60, 64.98, 69
354: 60, 65.08, 69
355: 57, 65.48, 69
356: 61, 65.7, 70
357: 61, 65.56, 71
358: 62, 65.8, 71
359: 62, 65.96, 71
360: 62, 65.56, 71
361: 60, 64.86, 70
362: 60, 64.58, 70
363: 60, 64.6, 68
364: 60, 64.76, 69
365: 60, 64.66, 69
366: 59, 64.44, 68
367: 61, 64.32, 67
368: 60, 64.08, 67
369: 60, 64.24, 69
370: 60, 63.8, 68
371: 60, 63.86, 68
372: 59, 64.1, 68
373: 59, 63.92, 67
374: 59, 63.88, 68
375: 59, 63.9, 68
376: 59, 63.94, 68
377: 57, 63.52, 67
378: 58, 63.52, 67
379: 58, 63.84, 67
380: 58, 63.42, 68
381: 60, 63.94, 68
382: 61, 64.08, 68
383: 59, 63.88, 69
384: 59, 64.12, 69
385: 57, 63.4, 69
386: 59, 63.48, 68
387: 60, 63.8, 68
388: 60, 64.36, 69
389: 60, 63.7, 69
390: 60, 63.54, 69
391: 59, 63.88, 69
392: 60, 64.66, 69
393: 58, 64.54, 69
394: 60, 64.86, 69
395: 61, 65.26, 69
396: 61, 64.94, 68
397: 59, 65.16, 67
398: 59, 64.94, 68
399: 61, 65.12, 68
0: 36, 50.47, 63
1: 39, 51.19, 62
2: 42, 52.09, 61
3: 43, 52.84, 62
4: 40, 52.82, 65
5: 42, 54.31, 69
6: 43, 55.28, 67
7: 46, 55.29, 66
8: 46, 55, 65
9: 47, 54.4, 66
10: 46, 55.16, 67
11: 47, 56.61, 67
12: 43, 56.85, 66
13: 47, 58.05, 67
14: 47, 58.01, 66
15: 47, 58.75, 66
16: 51, 58.93, 65
17: 51, 58.83, 67
18: 51, 59.46, 68
19: 52, 59.97, 68
20: 50, 59.84, 68
21: 51, 59.8, 67
22: 50, 59.65, 68
23: 52, 59.77, 69
24: 50, 59.97, 70
25: 52, 60, 70
26: 52, 60.21, 70
27: 52, 59.76, 70
28: 52, 59.82, 67
29: 53, 59.76, 68
30: 55, 60.05, 68
31: 54, 59.94, 68
32: 51, 59.96, 70
33: 51, 59.75, 70
34: 51, 59.57, 67
35: 51, 59.22, 66
36: 51, 59.56, 66
37: 52, 59.41, 66
38: 52, 59.86, 66
39: 52, 59.54, 68
40: 52, 59.58, 70
41: 52, 59.26, 67
42: 51, 59, 67
43: 51, 59.39, 71
44: 48, 59.6, 71
45: 49, 59.39, 68
46: 53, 60.09, 68
47: 54, 59.84, 69
48: 53, 60.66, 67
49: 55, 61.06, 69
50: 54, 61.51, 69
51: 54, 61.42, 69
52: 54, 61.29, 69
53: 54, 61.69, 69
54: 56, 61.62, 69
55: 56, 62.32, 71
56: 55, 62.43, 69
57: 53, 61.84, 68
58: 52, 61.87, 67
59: 53, 62.2, 68
60: 53, 62.52, 68
61: 53, 63.03, 69
62: 55, 63.36, 68
63: 57, 63.5, 69
64: 58, 63.7, 69
65: 58, 63.76, 69
66: 59, 64.19, 71
67: 56, 63.94, 70
68: 57, 63.64, 69
69: 54, 63.5, 69
70: 56, 63.58, 69
71: 55, 63.51, 69
72: 58, 63.66, 70
73: 56, 63.51, 70
74: 55, 63.85, 71
75: 56, 64, 71
76: 54, 64.5, 72
77: 53, 64.59, 71
78: 57, 65.11, 72
79: 56, 65, 71
80: 54, 65.44, 72
81: 56, 65.82, 74
82: 58, 66.24, 74
83: 61, 66.82, 74
84: 59, 67.19, 74
85: 58, 67.12, 75
86: 58, 67, 75
87: 59, 66.98, 75
88: 59, 67.01, 73
89: 59, 67.08, 73
90: 59, 66.97, 74
91: 59, 67.22, 72
92: 61, 67.25, 72
93: 62, 67.9, 73
94: 62, 67.81, 73
95: 60, 68.14, 73
96: 62, 68.34, 74
97: 63, 68.17, 74
98: 63, 68.24, 73
99: 63, 68.38, 74
100: 63, 68.72, 74
101: 62, 69.12, 74
102: 62, 69.17, 74
103: 62, 69.04, 75
104: 62, 69.37, 75
105: 62, 69.27, 74
106: 63, 69.48, 75
107: 63, 69.58, 75
108: 62, 69.15, 75
109: 63, 69.46, 75
110: 64, 69.15, 75
111: 61, 69.48, 74
112: 61, 69.59, 74
113: 63, 69.77, 76
114: 62, 69.69, 76
115: 62, 69.89, 76
116: 62, 69.88, 76
117: 63, 69.59, 77
118: 63, 69.95, 77
119: 62, 69.54, 77
120: 63, 69.47, 74
121: 64, 69.29, 76
122: 65, 69.14, 76
123: 64, 69.35, 74
124: 63, 69.58, 76
125: 63, 69.58, 75
126: 64, 69.66, 75
127: 64, 69.81, 75
128: 63, 70.04, 75
129: 64, 70.41, 76
130: 65, 70.74, 76
131: 66, 70.8, 75
132: 65, 70.59, 75
133: 65, 70.86, 76
134: 64, 70.81, 75
135: 64, 70.92, 77
136: 64, 71.19, 76
137: 66, 71.28, 77
138: 67, 71.31, 77
139: 67, 71.24, 78
140: 66, 70.96, 76
141: 67, 71.35, 76
142: 67, 71.03, 76
143: 67, 71.12, 77
144: 65, 71.21, 78
145: 65, 71.19, 78
146: 65, 71.23, 75
147: 63, 71.22, 76
148: 63, 70.93, 76
149: 64, 71.37, 76
150: 64, 71.23, 76
151: 62, 71.36, 77
152: 62, 70.86, 77
153: 64, 71.03, 77
154: 65, 71.36, 78
155: 66, 71.69, 77
156: 66, 71.87, 77
157: 65, 71.79, 77
158: 65, 71.26, 77
159: 66, 71.49, 77
160: 65, 71.13, 77
161: 64, 71.34, 76
162: 66, 71.55, 76
163: 66, 71.77, 76
164: 66, 71.78, 76
165: 64, 71.77, 76
166: 66, 71.82, 77
167: 66, 71.91, 77
168: 66, 71.44, 76
169: 66, 71.54, 76
170: 66, 71.57, 77
171: 65, 71.44, 77
172: 65, 71.82, 79
173: 65, 71.96, 79
174: 65, 71.35, 79
175: 65, 71.35, 76
176: 65, 71.31, 76
177: 66, 71.54, 76
178: 66, 71.62, 76
179: 68, 71.95, 76
180: 68, 71.97, 77
181: 67, 71.82, 76
182: 68, 71.78, 75
183: 67, 72.01, 76
184: 68, 72.02, 76
185: 68, 71.87, 77
186: 68, 72, 76
187: 68, 72.02, 76
188: 65, 72.24, 76
189: 68, 72.44, 76
190: 68, 72.32, 76
191: 67, 72.23, 77
192: 66, 72.44, 78
193: 66, 72.32, 78
194: 66, 72.26, 77
195: 66, 72.07, 77
196: 66, 72.03, 78
197: 65, 71.75, 78
198: 67, 71.84, 79
199: 66, 71.62, 79
200: 66, 71.46, 79
201: 66, 72.05, 79
202: 65, 71.93, 79
203: 65, 72.37, 79
204: 66, 72.66, 78
205: 69, 73.13, 79
206: 67, 72.95, 82
207: 67, 73.2, 82
208: 67, 73.07, 80
209: 65, 72.93, 79
210: 65, 73.29, 79
211: 65, 73.08, 78
212: 64, 73.43, 79
213: 66, 73.51, 80
214: 66, 73.3, 80
215: 66, 73.1, 79
216: 66, 73.32, 78
217: 66, 72.95, 78
218: 66, 72.78, 77
219: 66, 72.67, 77
220: 66, 72.94, 78
221: 68, 72.99, 78
222: 68, 73.06, 78
223: 68, 73.13, 78
224: 67, 72.85, 78
225: 66, 72.47, 78
226: 67, 72.7, 78
227: 68, 72.91, 77
228: 68, 72.87, 78
229: 68, 72.83, 78
230: 67, 73.08, 79
231: 68, 73.17, 79
232: 68, 73.15, 79
233: 67, 72.97, 79
234: 66, 73.35, 79
235: 67, 73.39, 79
236: 67, 73.86, 80
237: 69, 74.12, 79
238: 70, 74.38, 79
239: 69, 74.67, 80
240: 70, 75.19, 81
241: 70, 75.39, 81
242: 70, 75.22, 81
243: 70, 74.99, 81
244: 69, 75.06, 81
245: 69, 75.5, 82
246: 69, 74.99, 79
247: 70, 75.13, 80
248: 70, 75.13, 81
249: 70, 75.39, 84
250: 70, 75.49, 84
251: 71, 75.75, 84
252: 70, 76.12, 84
253: 68, 76.4, 84
254: 68, 76.46, 83
255: 68, 76.48, 85
256: 68, 76.52, 85
257: 68, 76.85, 84
258: 69, 77, 83
259: 70, 77.23, 84
260: 69, 77.47, 83
261: 70, 77.21, 83
262: 70, 77.18, 83
263: 69, 77.6, 83
264: 71, 77.47, 84
265: 71, 77.17, 83
266: 68, 77.35, 84
267: 71, 77.69, 83
268: 72, 77.22, 82
269: 72, 77.09, 82
270: 72, 76.92, 82
271: 71, 76.62, 82
272: 72, 76.94, 83
273: 72, 76.98, 81
274: 72, 76.89, 81
275: 72, 76.78, 81
276: 72, 76.65, 82
277: 72, 76.74, 81
278: 72, 76.92, 81
279: 72, 77.29, 84
280: 73, 77.45, 81
281: 73, 77.26, 81
282: 71, 77.12, 84
283: 71, 76.83, 84
284: 71, 76.49, 84
285: 71, 76.68, 84
286: 71, 76.77, 84
287: 72, 77.27, 84
288: 72, 77.27, 84
289: 72, 77.21, 84
290: 71, 77.23, 83
291: 71, 77.46, 83
292: 71, 77.46, 83
293: 70, 77.59, 84
294: 72, 77.35, 83
295: 71, 76.91, 82
296: 69, 76.73, 83
297: 69, 76.77, 82
298: 69, 76.62, 82
299: 71, 76.53, 83
300: 70, 76.42, 82
301: 70, 76.67, 82
302: 69, 76.62, 83
303: 69, 76.39, 81
304: 70, 76.17, 82
305: 70, 76.53, 83
306: 71, 76.58, 84
307: 70, 76.56, 83
308: 70, 76.23, 83
309: 72, 76.79, 83
310: 71, 76.97, 83
311: 70, 77.19, 85
312: 71, 77.25, 84
313: 72, 77.32, 82
314: 72, 77.68, 83
315: 70, 77.16, 83
316: 72, 77.39, 82
317: 71, 77.51, 82
318: 71, 77.3, 82
319: 71, 77.46, 82
320: 70, 77.53, 83
321: 71, 77.35, 82
322: 73, 77.47, 83
323: 71, 77.52, 83
324: 70, 77, 85
325: 70, 77.28, 85
326: 70, 77.56, 85
327: 71, 77.4, 85
328: 72, 77.4, 83
329: 69, 77, 81
330: 71, 77.18, 83
331: 72, 77.41, 82
332: 70, 77.22, 82
333: 70, 77.08, 83
334: 69, 77.2, 83
335: 70, 77.03, 82
336: 72, 77.27, 83
337: 71, 77.57, 84
338: 70, 77.64, 82
339: 70, 77.6, 83
340: 70, 77.92, 83
341: 72, 78.13, 85
342: 71, 78.28, 84
343: 71, 78.67, 84
344: 73, 79.04, 84
345: 73, 79.18, 86
346: 75, 79.52, 86
347: 73, 79.81, 86
348: 75, 79.79, 86
349: 74, 79.89, 86
350: 74, 79.48, 85
351: 74, 79.39, 86
352: 73, 79.36, 86
353: 73, 79.23, 86
354: 74, 79.38, 86
355: 73, 79.3, 86
356: 73, 79.38, 86
357: 74, 79.07, 85
358: 72, 78.91, 86
359: 72, 79.64, 86
360: 72, 79.77, 86
361: 72, 79.94, 85
362: 73, 79.47, 85
363: 74, 79.72, 85
364: 73, 79.24, 85
365: 73, 79.42, 85
366: 73, 79.25, 85
367: 74, 79.36, 85
368: 72, 79.76, 85
369: 71, 79.52, 85
370: 69, 79.79, 85
371: 70, 79.9, 85
372: 70, 79.87, 86
373: 68, 80.09, 85
374: 67, 80.12, 86
375: 68, 80.23, 86
376: 74, 80.28, 86
377: 71, 80.21, 86
378: 71, 80.04, 86
379: 71, 80.39, 86
380: 74, 80.57, 86
381: 75, 80.79, 86
382: 75, 81.23, 86
383: 75, 81.39, 86
384: 75, 81.46, 85
385: 74, 81.48, 87
386: 74, 81.71, 86
387: 74, 81.72, 86
388: 72, 81.93, 86
389: 74, 81.63, 87
390: 75, 81.73, 87
391: 74, 82.04, 89
392: 77, 82.36, 88
393: 77, 82.47, 88
394: 77, 82.53, 88
395: 76, 82.86, 88
396: 78, 82.78, 89
397: 77, 82.92, 89
398: 78, 82.86, 88
399: 77, 83.24, 88
400: 76, 83.3, 88
401: 77, 83.34, 88
402: 78, 83.7, 88
403: 78, 83.43, 89
404: 78, 83.44, 89
405: 76, 83.25, 89
406: 75, 83.48, 89
407: 75, 83.32, 89
408: 76, 83.23, 90
409: 76, 83.74, 90
410: 76, 84, 89
411: 77, 83.66, 90
412: 77, 83.38, 90
413: 78, 83.26, 91
414: 78, 83.42, 89
415: 79, 83.57, 89
416: 78, 83.7, 88
417: 78, 83.85, 88
418: 78, 83.66, 90
419: 78, 83.24, 90
420: 79, 83.29, 88
421: 79, 83.51, 88
422: 78, 83.76, 90
423: 78, 83.96, 88
424: 78, 83.87, 88
425: 78, 84.01, 88
426: 78, 84.31, 90
427: 78, 84.26, 90
428: 78, 84.21, 90
429: 76, 84.19, 90
430: 78, 84.21, 88
431: 78, 84.22, 88
432: 78, 84.42, 89
433: 78, 84.35, 89
434: 78, 84.29, 89
435: 79, 84.35, 89
436: 79, 84.31, 89
437: 79, 84.23, 88
438: 79, 84.25, 88
439: 78, 84.05, 89
440: 79, 84.05, 88
441: 79, 83.8, 89
442: 79, 83.9, 89
443: 79, 83.66, 89
444: 79, 83.57, 89
445: 78, 83.82, 89
446: 77, 83.58, 88
447: 77, 83.3, 88
448: 77, 83.61, 88
449: 77, 83.69, 88
450: 78, 84.02, 89
451: 77, 83.8, 88
452: 77, 83.61, 88
453: 76, 83.62, 88
454: 75, 83.33, 89
455: 75, 83, 88
456: 76, 83.68, 87
457: 79, 83.91, 89
458: 78, 83.52, 89
459: 79, 83.33, 88
460: 78, 83.29, 88
461: 77, 83.26, 88
462: 76, 83.43, 89
463: 78, 83.87, 89
464: 78, 83.89, 88
465: 79, 83.98, 89
466: 79, 83.83, 89
467: 78, 83.41, 89
468: 78, 83.3, 89
469: 78, 83.36, 89
470: 77, 83.48, 89
471: 79, 83.4, 89
472: 79, 83.53, 89
473: 77, 83.53, 89
474: 77, 83.39, 89
475: 77, 83.53, 89
476: 77, 83.45, 88
477: 75, 83.77, 88
478: 79, 83.88, 88
479: 78, 83.94, 90
480: 79, 84.12, 90
481: 79, 84.43, 90
482: 78, 84.53, 90
483: 78, 84.58, 90
484: 78, 84.7, 91
485: 78, 84.62, 90
486: 76, 84.67, 90
487: 78, 84.88, 89
488: 80, 84.58, 89
489: 80, 84.6, 89
490: 80, 84.26, 89
491: 78, 83.9, 89
492: 79, 84.19, 88
493: 80, 84.23, 88
494: 79, 84.11, 88
495: 80, 84.35, 87
496: 80, 84.64, 88
497: 80, 84.64, 89
498: 80, 84.93, 89
499: 80, 84.86, 89
